A	0	29
B	30	32
C	63	34
D	98	32
E	131	26
F	158	31
G	190	36
H	227	31
I	259	28
J	288	36
K	325	28
L	354	28
M	383	34
N	418	32
O	451	29
P	481	32
Q	514	34
R	549	29
S	579	33
T	613	28
U	642	24
V	667	44
W	712	40
X	753	33
Y	787	31
Z	819	36
alpha	856	38
bravo	895	38
charlie	934	37
delta	972	37
echo	1010	33
foxtrot	1044	56
golf	1101	38
hotel	1140	39
india	1180	36
juliette	1217	39
kilo	1257	33
lima	1291	41
mike	1333	33
november	1367	38
oscar	1406	40
papa	1447	35
quebec	1483	36
romeo	1520	39
sierra	1560	35
tango	1596	40
uniform	1637	45
victor	1683	34
whiskey	1718	33
X-ray	1752	40
yankee	1793	39
zulu	1833	38
1	1872	34
2	1907	28
3	1936	37
4	1974	35
5	2010	37
6	2048	35
7	2084	38
8	2123	28
9	2152	37
0	2190	33

